b'move 0 0 -1000'
[-0.7693333333333333, 0.15733333333333333, -0.8279999999999998]
b'move 0 0 0'
[-0.7060000000000002, 0.2813333333333333, -0.8666666666666666]
b'move 0 1000 1000'
[-0.6466666666666666, 0.196, -0.7820000000000001]
b'move 0 0 0'
[-0.5493333333333333, 0.15866666666666665, -0.7746666666666668]
b'move 0 0 0'
[-0.6073333333333334, 0.12533333333333335, -0.7626666666666668]
b'move 0 1000 0'
[-0.3253333333333333, 0.13133333333333333, -0.7500000000000001]
b'move 0 0 0'
[-0.35266666666666663, 0.15799999999999997, -0.7320000000000001]
b'move 0 0 -1000'
[-0.2746666666666666, 0.22133333333333333, -0.8133333333333335]
b'move 0 0 0'
[-0.20266666666666663, 0.2346666666666667, -0.8333333333333335]
b'move 0 0 0'
[-0.3, 0.2673333333333333, -0.7880000000000001]
b'move 0 1000 1000'
[-0.11133333333333333, 0.204, -0.7633333333333335]
b'move 0 0 0'
[-0.092, 0.21666666666666665, -0.7200000000000001]
b'move 1000 -1000 -1000'
[0.16266666666666668, 0.2726666666666666, -0.7813333333333334]
b'move 0 0 0'
[0.23466666666666663, 0.3320000000000001, -0.7880000000000001]
b'move -1000 1000 0'
[0.22266666666666665, 0.35799999999999993, -0.7800000000000002]
b'move 0 1000 1000'
[0.352, 0.32666666666666666, -0.7140000000000001]
b'move 0 0 0'
[0.456, 0.24866666666666665, -0.6960000000000001]
b'move 0 1000 0'
[0.6799999999999999, 0.14466666666666667, -0.676]
b'move 0 0 0'
[0.75, 0.24133333333333334, -0.6953333333333334]
b'move 0 0 0'
[0.7333333333333335, 0.20199999999999999, -0.6833333333333333]
b'move -1000 1000 0'
[0.8879999999999999, 0.2033333333333333, -0.682]
b'move 0 0 0'
[1.0133333333333334, 0.262, -0.6880000000000001]
b'move 1000 0 0'
[0.928, 0.24200000000000005, -0.6880000000000001]
b'move 0 0 0'
[0.9606666666666667, 0.19666666666666666, -0.6633333333333333]
b'move 0 0 -1000'
[1.0266666666666668, 0.254, -0.7313333333333335]
b'move 0 0 0'
[1.0466666666666666, 0.3386666666666667, -0.7633333333333334]
b'move 0 1000 1000'
[1.2093333333333334, 0.20333333333333334, -0.7320000000000001]
b'move -1000 1000 0'
[1.45, 0.16333333333333336, -0.6880000000000001]
b'move 0 0 0'
[1.4893333333333336, 0.22266666666666662, -0.676]
b'move 0 0 0'
[1.4826666666666666, 0.22266666666666665, -0.7000000000000001]
b'move 0 1000 1000'
[1.6913333333333331, 0.09133333333333334, -0.6233333333333333]
b'move 1000 -1000 -1000'
[1.698, 0.13199999999999998, -0.6753333333333333]
b'move -1000 1000 0'
[1.7306666666666668, 0.15733333333333335, -0.6946666666666667]
b'move 0 1000 1000'
[2.025333333333333, 0.05199999999999999, -0.6353333333333333]
b'move 0 0 0'
[1.9986666666666668, 0.059333333333333335, -0.6099999999999999]
b'move 1000 -1000 -1000'
[1.9919999999999998, 0.10533333333333335, -0.6746666666666667]
b'move 0 0 0'
[2.0260000000000002, 0.23533333333333337, -0.7140000000000001]
b'move 1000 -1000 -1000'
[2.1426666666666665, 0.222, -0.7440000000000001]
b'move 0 1000 1000'
[2.038666666666667, 0.24800000000000003, -0.6873333333333335]
b'move -1000 1000 0'
[2.1746666666666665, 0.1633333333333333, -0.7006666666666668]
b'move -1000 1000 0'
[2.2600000000000002, 0.18533333333333335, -0.7133333333333335]
b'move 0 0 0'
[2.423333333333334, 0.10600000000000001, -0.6940000000000001]
b'move 0 1000 1000'
[2.536666666666667, 0.09933333333333334, -0.6366666666666666]
b'move 0 0 0'
[2.5426666666666673, 0.12533333333333335, -0.6293333333333333]
b'move 0 0 -1000'
[2.6400000000000006, 0.106, -0.7000000000000002]
b'move 0 0 0'
[2.6213333333333337, 0.144, -0.7133333333333335]
b'move 0 1000 1000'
[2.8153333333333332, -0.0006666666666666748, -0.6293333333333333]
b'move 0 0 0'
[2.8073333333333337, 0.01933333333333333, -0.6433333333333333]
b'move 1000 -1000 -1000'
[2.8473333333333337, 0.12466666666666668, -0.7073333333333335]
b'move 1000 -1000 -1000'
[3.004666666666667, 0.2426666666666667, -0.7880000000000001]
b'move 1000 0 1000'
[3.1173333333333333, 0.17, -0.7140000000000001]
b'move -1000 1000 0'
[3.2079999999999993, 0.20933333333333334, -0.6886666666666668]
b'move 0 0 0'
[3.1626666666666665, 0.156, -0.6893333333333335]
b'move 0 0 0'
[3.142666666666666, 0.13266666666666668, -0.6893333333333335]
b'move 1000 0 1000'
[3.0846666666666662, 0.054000000000000006, -0.6226666666666666]
b'move -1000 1000 -1000'
[3.220666666666667, 0.138, -0.6366666666666666]
b'move 1000 -1000 0'
[3.232666666666667, 0.15799999999999997, -0.67]
b'move 1000 -1000 -1000'
[3.384666666666667, 0.242, -0.7266666666666668]
b'move 0 0 0'
[3.4306666666666663, 0.32, -0.7133333333333334]
b'move 0 1000 1000'
[3.371333333333334, 0.15800000000000003, -0.6553333333333334]
b'move -1000 1000 0'
[3.4566666666666666, 0.1373333333333333, -0.6233333333333333]
b'move 1000 -1000 0'
[3.4899999999999998, 0.17733333333333334, -0.63]
b'move 0 1000 1000'
[3.403333333333333, 0.07933333333333334, -0.5699999999999998]
b'move -1000 1000 0'
[3.6253333333333337, -0.012666666666666663, -0.5499999999999999]
b'move 1000 -1000 -1000'
[3.7233333333333336, 0.08533333333333333, -0.5966666666666666]
b'move -1000 1000 0'
[3.7286666666666672, 0.12466666666666666, -0.6366666666666667]
b'move 0 1000 1000'
[3.9, 0.005999999999999995, -0.5833333333333333]
b'move 0 0 -1000'
[3.9533333333333323, 0.112, -0.6753333333333333]
b'move 1000 -1000 0'
[4.010666666666666, 0.038666666666666655, -0.65]
b'move 0 0 0'
[3.9533333333333336, 0.12399999999999999, -0.656]
b'move 0 1000 0'
[3.9853333333333336, 0.04733333333333334, -0.6693333333333333]
b'move 0 0 0'
[3.9920000000000004, 0.05266666666666667, -0.656]
b'move 0 0 0'
[4.006666666666666, 0.15066666666666667, -0.6626666666666667]
b'move 1000 -1000 -1000'
[4.3053333333333335, 0.216, -0.7066666666666668]
b'move 0 0 0'
[4.350666666666666, 0.16333333333333333, -0.7006666666666668]
b'move 0 1000 0'
[4.312666666666666, 0.254, -0.6946666666666668]
b'move 0 0 0'
[4.252, 0.262, -0.7013333333333334]
b'move 1000 -1000 0'
[4.508666666666667, 0.20333333333333334, -0.7006666666666668]
b'move 0 1000 0'
[4.573999999999999, 0.2733333333333333, -0.6626666666666667]
b'move 0 0 0'
[4.548666666666666, 0.2726666666666667, -0.6566666666666666]
b'move 0 0 0'
[4.579333333333334, 0.32533333333333336, -0.6633333333333333]
b'move -1000 1000 0'
[4.684666666666668, 0.2806666666666666, -0.6886666666666668]
b'move 1000 0 1000'
[4.702666666666667, 0.20400000000000001, -0.616]
b'move 0 0 0'
[4.684, 0.07333333333333333, -0.6033333333333333]
b'move 0 0 -1000'
[4.782666666666665, 0.13733333333333334, -0.676]
b'move 0 0 0'
[4.8146666666666675, 0.21599999999999997, -0.676]
b'move 1000 0 0'
[5.058, 0.28733333333333333, -0.6486666666666667]
b'move 0 0 0'
[5.089333333333334, 0.24133333333333332, -0.6233333333333333]
b'move -1000 1000 0'
[5.1593333333333335, 0.2233333333333333, -0.6940000000000001]
b'move 0 1000 1000'
[5.357333333333335, 0.03933333333333333, -0.6366666666666667]
b'move 1000 -1000 -1000'
[5.527333333333334, 0.132, -0.674]
b'move 0 0 0'
[5.5746666666666655, 0.15066666666666667, -0.6946666666666668]
b'move 0 1000 1000'
[5.514, 0.09933333333333334, -0.636]
b'move 1000 -1000 -1000'
[5.756666666666668, 0.25, -0.6493333333333333]
b'move 0 0 0'
[5.807333333333334, 0.262, -0.6686666666666666]
b'move 0 1000 0'
[5.854666666666667, 0.19533333333333333, -0.668]
b'move 0 0 0'
[5.807333333333335, 0.1373333333333333, -0.6566666666666666]
b'move 0 0 0'
[5.794666666666668, 0.25466666666666665, -0.6433333333333333]
b'move 1000 -1000 0'
[6.056666666666666, 0.24933333333333335, -0.6233333333333333]
b'move 0 0 0'
[6.064, 0.31466666666666665, -0.6166666666666666]
b'move 0 1000 0'
[6.1226666666666665, 0.27466666666666667, -0.6033333333333333]
b'move 0 0 0'
[6.127999999999999, 0.22866666666666668, -0.6293333333333333]
b'move 0 0 0'
[6.057999999999998, 0.22866666666666666, -0.5633333333333334]
b'move 1000 0 0'
[6.257333333333334, 0.17733333333333337, -0.5566666666666666]
b'move 0 0 0'
[6.3100000000000005, 0.20866666666666667, -0.5433333333333333]
b'move 0 0 0'
[6.298, 0.2626666666666667, -0.5433333333333333]
b'move -1000 1000 0'
[6.270666666666667, 0.18333333333333335, -0.6166666666666666]
b'move 0 0 -1000'
[6.219333333333333, 0.3973333333333333, -0.7013333333333335]
b'move 0 0 0'
[6.389333333333332, 0.30733333333333335, -0.7320000000000001]
b'move 1000 0 0'
[6.578666666666666, 0.36533333333333334, -0.6753333333333333]
b'move 0 0 0'
[6.566666666666666, 0.35200000000000004, -0.6813333333333335]
b'move 0 0 0'
[6.591999999999999, 0.3593333333333333, -0.6626666666666667]
b'move 0 0 0'
[6.553333333333334, 0.2866666666666666, -0.6893333333333334]
b'move 1000 0 0'
[6.755333333333334, 0.3779999999999999, -0.61]
b'move 0 0 0'
[6.8466666666666685, 0.3773333333333333, -0.6166666666666666]
b'move -1000 1000 0'
[6.6833333333333345, 0.39066666666666666, -0.676]
b'move 1000 0 1000'
[6.964, 0.22799999999999995, -0.5833333333333333]
b'move 0 0 -1000'
[7.003333333333334, 0.27399999999999997, -0.63]
b'move 0 0 0'
[6.964666666666667, 0.3926666666666666, -0.6493333333333334]
b'move 0 0 0'
[7.048666666666667, 0.35999999999999993, -0.6679999999999999]
b'move 0 1000 1000'
[7.108666666666668, 0.18333333333333332, -0.59]
b'move 0 0 -1000'
[7.284666666666666, 0.32066666666666654, -0.636]
b'move 1000 -1000 0'
[7.520666666666666, 0.378, -0.6293333333333333]
b'move 0 0 0'
[7.474666666666668, 0.31933333333333325, -0.5966666666666667]
b'move 0 1000 0'
[7.545333333333333, 0.30599999999999994, -0.6033333333333332]
b'move 0 0 0'
[7.501333333333333, 0.30000000000000004, -0.5966666666666667]
b'move 0 0 0'
[7.521333333333334, 0.30666666666666664, -0.6099999999999999]
b'move 0 0 0'
[7.526666666666666, 0.31933333333333325, -0.6433333333333333]
b'move 1000 0 0'
[7.702666666666667, 0.31866666666666665, -0.5566666666666666]
b'move -1000 1000 0'
[7.721333333333333, 0.33933333333333326, -0.6293333333333333]
b'move 0 0 0'
[7.747999999999999, 0.228, -0.6566666666666666]
b'move 0 0 0'
[7.760666666666667, 0.32, -0.6686666666666666]
b'move 1000 0 0'
[7.970666666666667, 0.288, -0.5966666666666667]
b'move 0 0 0'
[7.992, 0.29999999999999993, -0.6099999999999999]
b'move 0 0 0'
[7.965999999999999, 0.318, -0.6233333333333334]
b'move 0 1000 0'
[8.224666666666668, 0.26799999999999996, -0.6359999999999999]
b'move 0 0 0'
[8.250666666666666, 0.32666666666666666, -0.656]
b'move 0 0 0'
[8.232666666666667, 0.2553333333333333, -0.6366666666666667]
b'move 1000 0 0'
[8.487333333333334, 0.28, -0.5966666666666666]
b'move -1000 1000 0'
[8.454666666666666, 0.22266666666666668, -0.6826666666666668]
b'move 0 0 0'
[8.519333333333336, 0.2293333333333333, -0.6753333333333333]
b'move 1000 0 0'
[8.695333333333332, 0.2993333333333333, -0.6359999999999999]
b'move 0 0 0'
[8.793333333333331, 0.24733333333333335, -0.6433333333333333]
b'move 0 0 0'
[8.727999999999998, 0.24199999999999997, -0.6166666666666666]
b'move 0 0 0'
[8.787333333333333, 0.18866666666666665, -0.5966666666666667]
b'move 1000 0 0'
[8.846666666666666, 0.2733333333333333, -0.57]
b'move 0 0 0'
[8.951333333333332, 0.3386666666666666, -0.5833333333333333]
b'move -1000 1000 0'
[8.950666666666665, 0.246, -0.6619999999999999]
b'move 0 0 0'
[8.872666666666666, 0.20333333333333328, -0.6753333333333335]
b'move 0 0 -1000'
[8.990666666666666, 0.32466666666666666, -0.7253333333333335]
b'move 0 1000 1000'
[9.198666666666666, 0.16466666666666663, -0.7073333333333335]
b'move 1000 -1000 -1000'
[9.493333333333336, 0.2753333333333333, -0.7253333333333335]
b'move 0 0 0'
[9.520666666666667, 0.2613333333333333, -0.7626666666666669]
b'move 0 0 0'
[9.454666666666666, 0.24866666666666665, -0.7320000000000001]
b'move 0 0 0'
[9.434666666666667, 0.3386666666666666, -0.7500000000000001]
b'move 0 1000 0'
[9.507333333333333, 0.35266666666666674, -0.7386666666666667]
b'move 0 0 0'
[9.441333333333334, 0.32, -0.7373333333333335]
b'move 0 0 0'
[9.492666666666667, 0.298, -0.7080000000000001]
b'move 1000 0 1000'
[9.668666666666667, 0.17, -0.6086666666666666]
b'move 0 0 0'
[9.720666666666668, 0.28, -0.59]
b'move 0 0 0'
[9.701333333333334, 0.184, -0.5833333333333334]
b'move 0 0 -1000'
[9.740666666666668, 0.3193333333333333, -0.6493333333333333]
b'move 0 1000 0'
[9.937333333333335, 0.29266666666666663, -0.7073333333333334]
b'move 0 0 0'
[9.944666666666668, 0.30133333333333334, -0.7080000000000001]
b'move 0 0 0'
[9.970666666666668, 0.312, -0.7080000000000001]
b'move 1000 0 0'
[10.198666666666666, 0.3133333333333334, -0.6426666666666667]
b'move 0 0 0'
[10.204666666666666, 0.27466666666666667, -0.6493333333333333]
b'move 0 0 0'
[10.250666666666667, 0.3186666666666666, -0.63]
b'move 1000 0 0'
[10.448000000000002, 0.3786666666666667, -0.5566666666666668]
b'move 0 0 0'
[10.447999999999999, 0.4506666666666667, -0.5566666666666668]
b'move 0 0 0'
[10.466666666666667, 0.4106666666666667, -0.596]
b'move -1000 1000 -1000'
[10.434000000000003, 0.39733333333333337, -0.7240000000000001]
b'move 1000 0 1000'
[10.708, 0.37933333333333324, -0.662]
b'move 0 0 -1000'
[10.786, 0.4499999999999999, -0.682]
b'move 0 0 0'
[10.752666666666668, 0.48333333333333334, -0.7380000000000001]
b'move 1000 0 0'
[10.951999999999998, 0.49666666666666665, -0.6359999999999999]
b'move -1000 1000 1000'
[10.996, 0.30666666666666664, -0.6826666666666668]
b'move 0 0 0'
[10.944666666666667, 0.26266666666666666, -0.6826666666666668]
b'move 1000 0 0'
[11.203999999999997, 0.3653333333333333, -0.6093333333333332]
b'move 0 0 0'
[11.164666666666664, 0.31333333333333335, -0.5966666666666667]
b'move 0 0 0'
[11.145333333333332, 0.38466666666666666, -0.6033333333333333]
b'move 0 0 0'
[11.185333333333332, 0.3133333333333333, -0.59]
b'move 0 1000 -1000'
[11.335999999999999, 0.3713333333333333, -0.7306666666666668]
b'move 1000 0 1000'
[11.538666666666666, 0.32, -0.628]
b'move 0 0 0'
[11.570666666666666, 0.27266666666666667, -0.5899999999999999]
b'move 0 0 -1000'
[11.622, 0.43666666666666665, -0.682]
b'move 0 1000 1000'
[11.872, 0.38533333333333336, -0.6633333333333334]
b'move 0 0 0'
[11.831333333333333, 0.24800000000000003, -0.6233333333333333]
b'move 0 0 0'
[11.793333333333333, 0.22133333333333333, -0.6493333333333334]
b'move 1000 -1000 -1000'
[11.973333333333333, 0.386, -0.6566666666666667]
b'move 0 0 0'
[12.08, 0.48266666666666674, -0.6693333333333333]
b'move 0 1000 1000'
[12.020000000000001, 0.3466666666666666, -0.5633333333333334]
b'move 0 0 -1000'
[12.091999999999999, 0.3853333333333333, -0.642]
b'move 0 0 0'
[12.116666666666667, 0.40399999999999997, -0.6693333333333333]
b'move 0 1000 0'
[12.27, 0.3453333333333333, -0.7260000000000001]
b'move 0 0 0'
[12.316, 0.3659999999999999, -0.7006666666666668]
b'move 0 0 0'
[12.335333333333335, 0.39, -0.6880000000000001]
b'move 1000 0 0'
[12.524, 0.39733333333333337, -0.65]
b'move 0 0 0'
[12.582666666666668, 0.3913333333333333, -0.6166666666666667]
b'move 0 0 0'
[12.522, 0.33866666666666656, -0.6099999999999999]
b'move 0 0 0'
[12.582666666666666, 0.48933333333333334, -0.6366666666666666]
b'move 0 1000 0'
[12.798666666666664, 0.3193333333333333, -0.6826666666666668]
b'move 0 0 0'
[12.772666666666664, 0.31399999999999995, -0.7066666666666668]
b'move 1000 0 0'
[13.012666666666663, 0.3646666666666666, -0.63]
b'move 0 0 0'
[13.000666666666666, 0.37933333333333336, -0.63]
b'move 0 0 0'
[13.046666666666667, 0.3840000000000001, -0.6166666666666667]
b'move 0 0 0'
[13.007333333333333, 0.4113333333333334, -0.61]
b'move 1000 0 0'
[13.224666666666668, 0.4646666666666667, -0.53]
b'move 0 0 0'
[13.249999999999998, 0.5026666666666667, -0.5166666666666667]
b'move 0 0 0'
[13.204, 0.516, -0.5366666666666666]
b'move 0 1000 0'
[13.393333333333333, 0.41133333333333333, -0.5966666666666666]
b'move 0 0 0'
[13.466666666666667, 0.3506666666666667, -0.6033333333333334]
b'move 0 0 0'
[13.556, 0.3133333333333333, -0.63]
b'move 0 0 0'
[13.543999999999999, 0.36533333333333323, -0.6233333333333332]
b'move 0 0 0'
[13.594666666666667, 0.35133333333333333, -0.6433333333333334]
b'move 1000 0 0'
[13.686666666666666, 0.4246666666666667, -0.5766666666666665]
b'move -1000 1000 -1000'
[13.864666666666666, 0.4106666666666667, -0.7426666666666668]
b'move 1000 0 1000'
[14.052000000000001, 0.34533333333333327, -0.6753333333333333]
b'move 0 0 0'
[14.020666666666669, 0.2346666666666667, -0.6099999999999999]
b'move 0 0 0'
[13.956000000000001, 0.2919999999999999, -0.6033333333333333]
b'move 0 0 0'
[14.065333333333335, 0.3393333333333334, -0.61]
b'move 0 1000 0'
[14.236666666666668, 0.2613333333333333, -0.6693333333333333]
b'move 0 0 0'
[14.268, 0.1706666666666667, -0.6960000000000001]
b'move 0 0 0'
[14.249333333333333, 0.2846666666666666, -0.7006666666666668]
b'move 0 0 0'
[14.203333333333335, 0.23533333333333328, -0.67]
b'move 1000 0 0'
[14.457333333333334, 0.2733333333333334, -0.6293333333333333]
b'move 0 0 -1000'
[14.541333333333332, 0.33266666666666667, -0.6766666666666667]
b'move 0 1000 0'
[14.693333333333335, 0.37200000000000005, -0.7813333333333335]
b'move 0 0 0'
[14.766, 0.31199999999999994, -0.7566666666666668]
b'move 0 0 0'
[14.772666666666668, 0.35266666666666663, -0.7620000000000002]
b'move 0 0 0'
[14.772, 0.3906666666666666, -0.7873333333333334]
b'move 1000 0 0'
[14.882666666666665, 0.42466666666666664, -0.6880000000000001]
b'move -1000 1000 0'
[14.987333333333332, 0.2746666666666666, -0.802]
b'move 1000 0 0'
[15.053333333333333, 0.3313333333333333, -0.7693333333333335]
b'move 0 0 0'
[15.112, 0.33866666666666667, -0.7446666666666668]
b'move 0 0 0'
[15.163333333333332, 0.3, -0.7126666666666668]
b'move 0 1000 0'
[15.366666666666669, 0.248, -0.7813333333333335]
b'move 0 0 0'
[15.354000000000001, 0.33199999999999996, -0.7813333333333334]
b'move 0 0 0'
[15.366666666666665, 0.2686666666666666, -0.8133333333333335]
b'move 1000 0 0'
[15.496666666666664, 0.346, -0.7260000000000001]
b'move 0 0 0'
[15.528666666666664, 0.32066666666666666, -0.7260000000000001]
b'move 0 0 0'
[15.514666666666667, 0.2866666666666667, -0.7080000000000001]
b'move 0 0 -1000'
[15.574666666666666, 0.418, -0.774666666666667]
b'move 0 1000 1000'
[15.746, 0.23666666666666666, -0.794]
b'move 1000 -1000 -1000'
[16.0, 0.37866666666666676, -0.7820000000000001]
b'move 0 0 0'
[15.878, 0.4626666666666666, -0.7686666666666668]
b'move 0 1000 1000'
[15.972666666666669, 0.35933333333333334, -0.7193333333333335]
b'move 0 0 -1000'
[15.959999999999999, 0.4373333333333333, -0.7806666666666668]
b'move 0 0 0'
[15.953333333333333, 0.48333333333333345, -0.8080000000000002]
b'move 1000 0 0'
[16.118666666666666, 0.5166666666666666, -0.7200000000000001]
b'move 0 0 0'
[16.156666666666666, 0.45, -0.7066666666666668]
b'move 0 1000 1000'
[16.28933333333333, 0.3593333333333334, -0.6826666666666668]
b'move 0 0 -1000'
[16.470666666666666, 0.4773333333333334, -0.7320000000000001]
b'move 0 0 0'
[16.36, 0.4886666666666667, -0.7560000000000001]
b'move 1000 0 0'
[16.534666666666666, 0.5286666666666666, -0.6493333333333333]
b'move 0 0 0'
[16.64, 0.5293333333333333, -0.6633333333333333]
b'move 0 1000 0'
[16.974, 0.33399999999999996, -0.782]
b'move 0 0 0'
[17.012666666666668, 0.31399999999999995, -0.8333333333333334]
b'move 0 0 0'
[17.084666666666667, 0.3726666666666667, -0.8200000000000001]
b'move 0 0 0'
[17.031333333333333, 0.3133333333333333, -0.8080000000000002]
b'move 1000 0 0'
[17.14333333333333, 0.33199999999999996, -0.7693333333333334]
b'move 0 0 0'
[17.195999999999998, 0.36333333333333334, -0.7500000000000002]
b'move 0 1000 0'
[17.443333333333335, 0.288, -0.8146666666666667]
b'move 0 0 0'
[17.502, 0.22333333333333336, -0.8466666666666667]
b'move 0 0 0'
[17.455333333333336, 0.25466666666666665, -0.8200000000000001]
b'move 1000 0 0'
[17.586666666666666, 0.378, -0.7386666666666668]
b'move 0 1000 0'
[17.778000000000002, 0.20933333333333334, -0.7873333333333336]
b'move 0 0 0'
[17.849333333333334, 0.27999999999999997, -0.814]
b'move 0 0 0'
[17.828666666666667, 0.2406666666666667, -0.8133333333333335]
b'move 0 0 0'
[17.829333333333334, 0.23466666666666666, -0.8266666666666668]
b'move 0 1000 0'
[17.933333333333334, 0.10466666666666666, -0.8933333333333332]
b'move 1000 -1000 0'
[17.986666666666668, 0.20933333333333334, -0.7826666666666668]
b'move 0 0 -1000'
[18.09, 0.43666666666666665, -0.8333333333333333]
b'move 0 1000 0'
[18.273999999999997, 0.3653333333333333, -0.9133333333333333]
b'move 0 0 0'
[18.24066666666667, 0.33866666666666667, -0.92]
b'move 0 0 0'
[18.293333333333333, 0.34600000000000003, -0.8866666666666666]
b'move 0 0 0'
[18.306666666666665, 0.26, -0.9133333333333331]
b'move 1000 1000 0'
[18.600666666666665, 0.3006666666666667, -0.86]
b'move 0 0 0'
[18.560000000000002, 0.31933333333333325, -0.8733333333333333]
b'move 0 0 0'
[18.653333333333336, 0.22799999999999995, -0.8666666666666667]
b'move 0 0 0'
[18.594, 0.282, -0.8733333333333332]
b'move 0 1000 0'
[18.784, 0.24733333333333335, -0.9600000000000001]
b'move 1000 0 0'
[18.907333333333334, 0.28133333333333327, -0.8799999999999999]
b'move 0 0 0'
[18.992, 0.2733333333333334, -0.86]
b'move 0 0 0'
[18.958666666666662, 0.2826666666666666, -0.8533333333333333]
b'move 0 1000 0'
[19.124, 0.13733333333333334, -0.9199999999999999]
b'move 0 0 0'
[19.110666666666667, 0.18400000000000002, -0.9333333333333333]
b'move 1000 0 0'
[19.267333333333333, 0.248, -0.8533333333333334]
b'move 0 0 0'
[19.25333333333333, 0.26066666666666666, -0.8273333333333335]
b'move 0 0 0'
[19.261333333333333, 0.23, -0.8466666666666667]
b'move 0 1000 0'
[19.403333333333332, 0.1706666666666667, -0.8933333333333333]
b'move 0 0 0'
[19.442666666666668, 0.12466666666666668, -0.9133333333333333]
b'move 0 0 -1000'
[19.474666666666668, 0.22133333333333338, -1.0]
b'move 1000 0 1000'
[19.522000000000002, 0.22799999999999998, -0.8466666666666668]
b'move 0 0 -1000'
[19.56, 0.2553333333333333, -0.8733333333333333]
b'move 0 0 0'
[19.508666666666663, 0.2473333333333333, -0.8733333333333333]
b'move 0 1000 0'
[19.744666666666667, 0.20400000000000001, -0.9600000000000002]
b'move 0 0 0'
[19.743333333333336, 0.2873333333333333, -1.0066666666666668]
b'move 1000 1000 0'
[20.024666666666665, 0.29266666666666663, -0.9800000000000001]